<attitude>:  0.047172  0.016107  0.998757 |  0.869012  0.492361 -0.048985 | -0.492538  0.870242  0.009229
<attitude>:  0.047008  0.016753  0.998754 |  0.869078  0.492227 -0.049161 | -0.492437  0.870306  0.008579
<attitude>:  0.046893  0.016656  0.998761 |  0.869109  0.492186 -0.049014 | -0.492393  0.870331  0.008605
<attitude>:  0.046976  0.016598  0.998758 |  0.869157  0.492097 -0.049058 | -0.492300  0.870382  0.008690
<attitude>:  0.046980  0.016477  0.998760 |  0.869194  0.492036 -0.049003 | -0.492234  0.870419  0.008795
<attitude>:  0.046778  0.016570  0.998768 |  0.869247  0.491956 -0.048873 | -0.492160  0.870462  0.008609
<attitude>:  0.047035  0.016458  0.998758 |  0.869272  0.491895 -0.049043 | -0.492091  0.870499  0.008830
<attitude>:  0.046605  0.016833  0.998772 |  0.869383  0.491719 -0.048854 | -0.491937  0.870591  0.008282
<attitude>:  0.046339  0.016927  0.998782 |  0.869423  0.491666 -0.048669 | -0.491891  0.870620  0.008067
<attitude>:  0.046588  0.017129  0.998767 |  0.869474  0.491544 -0.048987 | -0.491777  0.870684  0.008007
<attitude>:  0.046706  0.016602  0.998771 |  0.869494  0.491524 -0.048831 | -0.491730  0.870706  0.008522
<attitude>:  0.046515  0.016957  0.998774 |  0.869553  0.491419 -0.048840 | -0.491645  0.870758  0.008113
<attitude>:  0.046074  0.016934  0.998795 |  0.869592  0.491390 -0.048445 | -0.491618  0.870775  0.007914
<attitude>:  0.046710  0.016598  0.998771 |  0.869617  0.491306 -0.048835 | -0.491512  0.870829  0.008515
<attitude>:  0.046355  0.016291  0.998792 |  0.869692  0.491218 -0.048376 | -0.491413  0.870884  0.008603
<attitude>:  0.046587  0.016003  0.998786 |  0.869704  0.491192 -0.048436 | -0.491370  0.870905  0.008966
<attitude>:  0.046767  0.015989  0.998778 |  0.869755  0.491086 -0.048587 | -0.491262  0.870965  0.009060
<attitude>:  0.046361  0.016666  0.998786 |  0.869778  0.491047 -0.048567 | -0.491261  0.870973  0.008270
<attitude>:  0.046214  0.016773  0.998791 |  0.869885  0.490866 -0.048493 | -0.491086  0.871074  0.008094
<attitude>:  0.046711  0.016758  0.998768 |  0.869846  0.490892 -0.048918 | -0.491107  0.871059  0.008353
<attitude>:  0.046868  0.016570  0.998764 |  0.869947  0.490708 -0.048965 | -0.490913  0.871167  0.008583
<attitude>:  0.046485  0.016823  0.998777 |  0.869965  0.490697 -0.048755 | -0.490917  0.871168  0.008174
<attitude>:  0.046419  0.017064  0.998776 |  0.870035  0.490566 -0.048817 | -0.490799  0.871237  0.007925
<attitude>:  0.046554  0.016439  0.998781 |  0.870045  0.490569 -0.048627 | -0.490770  0.871247  0.008535
<attitude>:  0.046797  0.016644  0.998766 |  0.870075  0.490484 -0.048941 | -0.490693  0.871291  0.008472
<attitude>:  0.046330  0.016593  0.998788 |  0.870151  0.490392 -0.048510 | -0.490602  0.871344  0.008282
<attitude>:  0.046890  0.016763  0.998759 |  0.870181  0.490282 -0.049082 | -0.490496  0.871403  0.008402
<attitude>:  0.046790  0.016285  0.998772 |  0.870191  0.490295 -0.048761 | -0.490487  0.871404  0.008770
<attitude>:  0.046454  0.016577  0.998783 |  0.870262  0.490185 -0.048612 | -0.490394  0.871461  0.008345
<attitude>:  0.046705  0.016580  0.998771 |  0.870284  0.490123 -0.048833 | -0.490331  0.871495  0.008462
<attitude>:  0.046639  0.016369  0.998778 |  0.870314  0.490086 -0.048672 | -0.490284  0.871520  0.008612
<attitude>:  0.046502  0.016336  0.998785 |  0.870399  0.489948 -0.048538 | -0.490146  0.871598  0.008565
<attitude>:  0.046338  0.016507  0.998789 |  0.870423  0.489911 -0.048479 | -0.490118  0.871616  0.008333
<attitude>:  0.046451  0.016394  0.998786 |  0.870482  0.489802 -0.048523 | -0.490003  0.871679  0.008481
<attitude>:  0.046940  0.016578  0.998760 |  0.870481  0.489753 -0.049040 | -0.489959  0.871703  0.008558
<attitude>:  0.046685  0.016443  0.998774 |  0.870555  0.489650 -0.048752 | -0.489851  0.871764  0.008545
<attitude>:  0.046784  0.016449  0.998770 |  0.870601  0.489559 -0.048843 | -0.489761  0.871815  0.008583
<attitude>:  0.046806  0.016102  0.998774 |  0.870648  0.489490 -0.048693 | -0.489674  0.871860  0.008892
<attitude>:  0.047005  0.016051  0.998766 |  0.870684  0.489412 -0.048842 | -0.489592  0.871905  0.009030
<attitude>:  0.046737  0.015901  0.998781 |  0.870750  0.489326 -0.048536 | -0.489501  0.871956  0.009024
<attitude>:  0.046522  0.015739  0.998793 |  0.870784  0.489291 -0.048270 | -0.489460  0.871979  0.009057
<attitude>:  0.046975  0.015929  0.998769 |  0.870852  0.489121 -0.048760 | -0.489296  0.872070  0.009105
<attitude>:  0.046641  0.016002  0.998784 |  0.870833  0.489180 -0.048504 | -0.489361  0.872036  0.008881
<attitude>:  0.046561  0.016059  0.998786 |  0.870942  0.488991 -0.048464 | -0.489176  0.872141  0.008781
<attitude>:  0.047122  0.015798  0.998764 |  0.870913  0.489006 -0.048825 | -0.489173  0.872138  0.009284
<attitude>:  0.047011  0.015789  0.998770 |  0.870999  0.488862 -0.048725 | -0.489030  0.872218  0.009230
<attitude>:  0.046515  0.015839  0.998792 |  0.871061  0.488793 -0.048317 | -0.488968  0.872256  0.008939
<attitude>:  0.047292  0.016241  0.998749 |  0.871077  0.488676 -0.049193 | -0.488864  0.872314  0.008963
<attitude>:  0.046462  0.015622  0.998798 |  0.871155  0.488641 -0.048167 | -0.488806  0.872345  0.009094
<attitude>:  0.046955  0.016170  0.998766 |  0.871193  0.488502 -0.048866 | -0.488690  0.872413  0.008851
<attitude>:  0.046302  0.015793  0.998803 |  0.871241  0.488491 -0.048112 | -0.488666  0.872426  0.008858
<attitude>:  0.046598  0.016254  0.998782 |  0.871286  0.488364 -0.048597 | -0.488558  0.872489  0.008595
<attitude>:  0.046699  0.016001  0.998781 |  0.871337  0.488277 -0.048563 | -0.488458  0.872542  0.008860
<attitude>:  0.046760  0.016102  0.998776 |  0.871340  0.488260 -0.048665 | -0.488447  0.872549  0.008800
<attitude>:  0.046607  0.015990  0.998785 |  0.871448  0.488087 -0.048479 | -0.488269  0.872649  0.008814
<attitude>:  0.047122  0.016270  0.998757 |  0.871408  0.488100 -0.049064 | -0.488291  0.872636  0.008822
<attitude>:  0.046729  0.016292  0.998775 |  0.871537  0.487902 -0.048734 | -0.488098  0.872746  0.008600
<attitude>:  0.047001  0.016510  0.998758 |  0.871525  0.487890 -0.049079 | -0.488094  0.872749  0.008542
<attitude>:  0.047329  0.016523  0.998743 |  0.871586  0.487751 -0.049372 | -0.487953  0.872827  0.008684
<attitude>:  0.046768  0.016573  0.998768 |  0.871589  0.487792 -0.048907 | -0.488002  0.872802  0.008368
<attitude>:  0.046627  0.016870  0.998770 |  0.871703  0.487586 -0.048930 | -0.487812  0.872912  0.008029
<attitude>:  0.046669  0.016323  0.998777 |  0.871692  0.487628 -0.048700 | -0.487826  0.872899  0.008529
<attitude>:  0.046916  0.016414  0.998764 |  0.871762  0.487478 -0.048961 | -0.487679  0.872981  0.008561
<attitude>:  0.046190  0.016115  0.998803 |  0.871802  0.487483 -0.048182 | -0.487675  0.872984  0.008468
<attitude>:  0.046585  0.016642  0.998776 |  0.871871  0.487300 -0.048785 | -0.487515  0.873076  0.008191
<attitude>:  0.046547  0.016187  0.998785 |  0.871888  0.487295 -0.048530 | -0.487488  0.873088  0.008569
<attitude>:  0.046640  0.016465  0.998776 |  0.871943  0.487175 -0.048748 | -0.487382  0.873149  0.008366
<attitude>:  0.046525  0.016302  0.998784 |  0.871979  0.487127 -0.048569 | -0.487327  0.873179  0.008448
<attitude>:  0.046850  0.016213  0.998770 |  0.871995  0.487075 -0.048810 | -0.487268  0.873209  0.008682
<attitude>:  0.046917  0.016260  0.998766 |  0.872069  0.486934 -0.048893 | -0.487128  0.873287  0.008665
<attitude>:  0.047203  0.016570  0.998748 |  0.872058  0.486914 -0.049294 | -0.487121  0.873293  0.008534
<attitude>:  0.047117  0.016594  0.998752 |  0.872160  0.486737 -0.049232 | -0.486946  0.873391  0.008461
<attitude>:  0.046890  0.016265  0.998768 |  0.872259  0.486597 -0.048875 | -0.486792  0.873475  0.008629
<attitude>:  0.046895  0.015836  0.998774 |  0.872274  0.486590 -0.048671 | -0.486764  0.873487  0.009006
<attitude>:  0.047190  0.016065  0.998757 |  0.872354  0.486409 -0.049041 | -0.486592  0.873584  0.008939
<attitude>:  0.047139  0.015705  0.998765 |  0.872345  0.486447 -0.048821 | -0.486613  0.873569  0.009230
<attitude>:  0.047121  0.015962  0.998762 |  0.872417  0.486306 -0.048932 | -0.486485  0.873643  0.008990
<attitude>:  0.046831  0.015780  0.998778 |  0.872476  0.486234 -0.048591 | -0.486407  0.873686  0.009003
<attitude>:  0.047047  0.016134  0.998762 |  0.872522  0.486116 -0.048953 | -0.486304  0.873745  0.008793
<attitude>:  0.046726  0.015907  0.998781 |  0.872578  0.486055 -0.048563 | -0.486235  0.873784  0.008831
<attitude>:  0.047172  0.016204  0.998755 |  0.872619  0.485927 -0.049099 | -0.486118  0.873849  0.008782
<attitude>:  0.046930  0.016083  0.998769 |  0.872670  0.485863 -0.048829 | -0.486050  0.873887  0.008766
<attitude>:  0.047168  0.016038  0.998758 |  0.872691  0.485806 -0.049015 | -0.485989  0.873919  0.008919
<attitude>:  0.047065  0.016079  0.998762 |  0.872768  0.485674 -0.048946 | -0.485860  0.873992  0.008825
<attitude>:  0.047206  0.015962  0.998758 |  0.872780  0.485647 -0.049013 | -0.485826  0.874009  0.008994
<attitude>:  0.047377  0.015451  0.998758 |  0.872874  0.485487 -0.048916 | -0.485640  0.874107  0.009515
<attitude>:  0.047342  0.016047  0.998750 |  0.872877  0.485455 -0.049175 | -0.485637  0.874114  0.008976
<attitude>:  0.047066  0.016043  0.998763 |  0.872951  0.485347 -0.048933 | -0.485532  0.874174  0.008839
<attitude>:  0.047235  0.016150  0.998753 |  0.872980  0.485275 -0.049134 | -0.485464  0.874212  0.008824
<attitude>:  0.047115  0.016558  0.998752 |  0.873033  0.485170 -0.049228 | -0.485379  0.874263  0.008403
<attitude>:  0.047230  0.016119  0.998754 |  0.873136  0.484997 -0.049117 | -0.485184  0.874368  0.008833
<attitude>:  0.046960  0.015815  0.998772 |  0.873174  0.484966 -0.048734 | -0.485141  0.874390  0.008965
<attitude>:  0.047050  0.016172  0.998762 |  0.873212  0.484873 -0.048987 | -0.485064  0.874435  0.008692
<attitude>:  0.046829  0.016124  0.998773 |  0.873295  0.484745 -0.048772 | -0.484937  0.874507  0.008619
<attitude>:  0.047146  0.016344  0.998754 |  0.873279  0.484734 -0.049155 | -0.484934  0.874509  0.008580
<attitude>:  0.047101  0.016420  0.998755 |  0.873383  0.484548 -0.049155 | -0.484752  0.874611  0.008482
<attitude>:  0.046840  0.016318  0.998769 |  0.873372  0.484596 -0.048877 | -0.484797  0.874586  0.008447
<attitude>:  0.046897  0.016477  0.998764 |  0.873486  0.484377 -0.049006 | -0.484586  0.874704  0.008323
<attitude>:  0.047158  0.016674  0.998748 |  0.873441  0.484425 -0.049329 | -0.484641  0.874674  0.008281
<attitude>:  0.046951  0.016463  0.998762 |  0.873539  0.484277 -0.049047 | -0.484484  0.874760  0.008356
<attitude>:  0.047073  0.016673  0.998752 |  0.873553  0.484231 -0.049256 | -0.484448  0.874781  0.008230
<attitude>:  0.047126  0.016632  0.998751 |  0.873640  0.484071 -0.049284 | -0.484286  0.874871  0.008282
<attitude>:  0.046607  0.016217  0.998782 |  0.873697  0.484035 -0.048629 | -0.484233  0.874899  0.008390
<attitude>:  0.047012  0.016536  0.998757 |  0.873753  0.483882 -0.049139 | -0.484093  0.874977  0.008300
<attitude>:  0.046547  0.015680  0.998793 |  0.873768  0.483936 -0.048317 | -0.484110  0.874963  0.008825
<attitude>:  0.047087  0.015981  0.998763 |  0.873841  0.483743 -0.048938 | -0.483927  0.875064  0.008814
<attitude>:  0.046859  0.015898  0.998775 |  0.873853  0.483746 -0.048698 | -0.483927  0.875064  0.008776
<attitude>:  0.046573  0.016070  0.998786 |  0.873919  0.483642 -0.048532 | -0.483835  0.875118  0.008481
<attitude>:  0.046692  0.016074  0.998780 |  0.873974  0.483533 -0.048639 | -0.483724  0.875179  0.008529
<attitude>:  0.047005  0.015985  0.998767 |  0.873963  0.483529 -0.048870 | -0.483714  0.875182  0.008758
<attitude>:  0.046847  0.015932  0.998775 |  0.874065  0.483362 -0.048708 | -0.483546  0.875276  0.008719
<attitude>:  0.047120  0.016108  0.998759 |  0.874037  0.483380 -0.049032 | -0.483570  0.875263  0.008698
<attitude>:  0.047018  0.015750  0.998770 |  0.874115  0.483265 -0.048771 | -0.483438  0.875333  0.008955
<attitude>:  0.046842  0.016205  0.998771 |  0.874148  0.483198 -0.048837 | -0.483396  0.875361  0.008469
<attitude>:  0.046965  0.016039  0.998768 |  0.874203  0.483095 -0.048866 | -0.483283  0.875421  0.008667
<attitude>:  0.047293  0.015823  0.998756 |  0.874233  0.483022 -0.049049 | -0.483197  0.875465  0.009011
<attitude>:  0.047451  0.015636  0.998751 |  0.874283  0.482928 -0.049098 | -0.483092  0.875521  0.009245
<attitude>:  0.046804  0.015833  0.998779 |  0.874344  0.482864 -0.048627 | -0.483044  0.875552  0.008756
<attitude>:  0.047097  0.015802  0.998765 |  0.874382  0.482771 -0.048870 | -0.482947  0.875604  0.008920
<attitude>:  0.047122  0.015889  0.998763 |  0.874410  0.482713 -0.048934 | -0.482893  0.875634  0.008853
<attitude>:  0.047185  0.016055  0.998757 |  0.874467  0.482596 -0.049070 | -0.482784  0.875696  0.008732
<attitude>:  0.047478  0.016290  0.998739 |  0.874484  0.482529 -0.049441 | -0.482726  0.875729  0.008664
<attitude>:  0.047635  0.016041  0.998736 |  0.874529  0.482444 -0.049460 | -0.482628  0.875780  0.008953
<attitude>:  0.047524  0.016303  0.998737 |  0.874551  0.482402 -0.049489 | -0.482599  0.875798  0.008668
<attitude>:  0.047298  0.016059  0.998752 |  0.874655  0.482246 -0.049176 | -0.482433  0.875889  0.008763
<attitude>:  0.046721  0.015999  0.998780 |  0.874743  0.482140 -0.048642 | -0.482330  0.875948  0.008531
<attitude>:  0.046802  0.016144  0.998774 |  0.874788  0.482044 -0.048784 | -0.482241  0.875998  0.008438
<attitude>:  0.046942  0.016177  0.998767 |  0.874812  0.481987 -0.048923 | -0.482184  0.876029  0.008474
<attitude>:  0.046776  0.016445  0.998770 |  0.874854  0.481912 -0.048907 | -0.482123  0.876065  0.008155
<attitude>:  0.046899  0.016319  0.998766 |  0.874892  0.481837 -0.048955 | -0.482041  0.876109  0.008321
<attitude>:  0.046980  0.016241  0.998764 |  0.874920  0.481783 -0.048989 | -0.481983  0.876140  0.008425
<attitude>:  0.046994  0.016590  0.998757 |  0.874967  0.481679 -0.049170 | -0.481896  0.876191  0.008120
<attitude>:  0.046918  0.016820  0.998757 |  0.875018  0.481582 -0.049216 | -0.481811  0.876240  0.007877
<attitude>:  0.047166  0.016585  0.998749 |  0.875039  0.481532 -0.049320 | -0.481748  0.876271  0.008199
<attitude>:  0.046902  0.016348  0.998766 |  0.875111  0.481438 -0.048975 | -0.481645  0.876327  0.008274
<attitude>:  0.046924  0.016504  0.998762 |  0.875135  0.481384 -0.049070 | -0.481598  0.876355  0.008145
<attitude>:  0.046689  0.016531  0.998773 |  0.875206  0.481275 -0.048878 | -0.481492  0.876414  0.008002
<attitude>:  0.046997  0.016456  0.998760 |  0.875216  0.481232 -0.049112 | -0.481444  0.876439  0.008214
<attitude>:  0.046919  0.016408  0.998764 |  0.875268  0.481147 -0.049022 | -0.481357  0.876486  0.008214
<attitude>:  0.046498  0.016190  0.998787 |  0.875315  0.481109 -0.048549 | -0.481312  0.876511  0.008199
<attitude>:  0.046920  0.016055  0.998770 |  0.875360  0.480996 -0.048854 | -0.481189  0.876576  0.008515
<attitude>:  0.046616  0.015878  0.998787 |  0.875389  0.480980 -0.048503 | -0.481167  0.876588  0.008522
<attitude>:  0.046782  0.016397  0.998771 |  0.875453  0.480824 -0.048900 | -0.481035  0.876664  0.008139
<attitude>:  0.046700  0.016191  0.998778 |  0.875476  0.480798 -0.048729 | -0.480999  0.876682  0.008278
<attitude>:  0.047124  0.016212  0.998757 |  0.875517  0.480685 -0.049112 | -0.480884  0.876743  0.008458
<attitude>:  0.047063  0.015842  0.998766 |  0.875548  0.480652 -0.048880 | -0.480834  0.876768  0.008750
<attitude>:  0.047066  0.015787  0.998767 |  0.875597  0.480565 -0.048858 | -0.480743  0.876817  0.008796
<attitude>:  0.047461  0.015684  0.998750 |  0.875625  0.480484 -0.049155 | -0.480655  0.876863  0.009070
<attitude>:  0.047113  0.015636  0.998767 |  0.875673  0.480429 -0.048828 | -0.480600  0.876894  0.008942
<attitude>:  0.047041  0.015687  0.998770 |  0.875740  0.480311 -0.048791 | -0.480485  0.876958  0.008857
<attitude>:  0.047321  0.015838  0.998754 |  0.875780  0.480205 -0.049109 | -0.480385  0.877013  0.008853
<attitude>:  0.047287  0.015862  0.998755 |  0.875811  0.480151 -0.049092 | -0.480332  0.877042  0.008813
<attitude>:  0.047033  0.016085  0.998764 |  0.875893  0.480013 -0.048978 | -0.480208  0.877114  0.008488
<attitude>:  0.047110  0.016086  0.998760 |  0.875917  0.479963 -0.049046 | -0.480157  0.877141  0.008521
<attitude>:  0.047087  0.016251  0.998759 |  0.875965  0.479869 -0.049106 | -0.480071  0.877190  0.008360
<attitude>:  0.046921  0.015945  0.998771 |  0.876000  0.479835 -0.048814 | -0.480024  0.877214  0.008546
<attitude>:  0.046955  0.015903  0.998770 |  0.876046  0.479750 -0.048824 | -0.479936  0.877261  0.008594
<attitude>:  0.046678  0.015558  0.998789 |  0.876107  0.479680 -0.048416 | -0.479852  0.877306  0.008760
<attitude>:  0.046695  0.015599  0.998787 |  0.876150  0.479596 -0.048452 | -0.479771  0.877351  0.008727
<attitude>:  0.046762  0.015574  0.998785 |  0.876191  0.479517 -0.048499 | -0.479689  0.877395  0.008777
<attitude>:  0.046832  0.015716  0.998779 |  0.876219  0.479453 -0.048630 | -0.479632  0.877427  0.008683
<attitude>:  0.046952  0.015781  0.998773 |  0.876286  0.479318 -0.048767 | -0.479499  0.877500  0.008676
<attitude>:  0.046908  0.016139  0.998769 |  0.876308  0.479263 -0.048901 | -0.479462  0.877523  0.008339
<attitude>:  0.046854  0.015946  0.998775 |  0.876363  0.479176 -0.048762 | -0.479367  0.877574  0.008477
<attitude>:  0.047227  0.015878  0.998758 |  0.876397  0.479084 -0.049057 | -0.479267  0.877626  0.008711
<attitude>:  0.047044  0.015886  0.998766 |  0.876441  0.479021 -0.048901 | -0.479207  0.877660  0.008612
<attitude>:  0.047008  0.015499  0.998774 |  0.876487  0.478957 -0.048685 | -0.479125  0.877702  0.008930
<attitude>:  0.046742  0.015453  0.998787 |  0.876558  0.478853 -0.048431 | -0.479020  0.877759  0.008837
<attitude>:  0.046917  0.015448  0.998779 |  0.876580  0.478797 -0.048582 | -0.478963  0.877790  0.008923
<attitude>:  0.046653  0.015745  0.998787 |  0.876638  0.478700 -0.048494 | -0.478883  0.877837  0.008530
<attitude>:  0.046603  0.016090  0.998784 |  0.876669  0.478631 -0.048616 | -0.478832  0.877868  0.008200
<attitude>:  0.046481  0.015940  0.998792 |  0.876710  0.478574 -0.048437 | -0.478768  0.877902  0.008270
<attitude>:  0.046490  0.015841  0.998793 |  0.876752  0.478501 -0.048399 | -0.478690  0.877944  0.008357
<attitude>:  0.046524  0.015598  0.998795 |  0.876783  0.478454 -0.048313 | -0.478631  0.877974  0.008584
<attitude>:  0.046814  0.015479  0.998784 |  0.876819  0.478367 -0.048511 | -0.478536  0.878024  0.008822
<attitude>:  0.046903  0.015726  0.998776 |  0.876849  0.478292 -0.048708 | -0.478472  0.878060  0.008643
<attitude>:  0.046776  0.015912  0.998779 |  0.876909  0.478184 -0.048687 | -0.478374  0.878116  0.008414
<attitude>:  0.046654  0.016036  0.998782 |  0.876969  0.478078 -0.048640 | -0.478276  0.878171  0.008241
<attitude>:  0.046744  0.015920  0.998780 |  0.876995  0.478029 -0.048664 | -0.478221  0.878200  0.008383
<attitude>:  0.046730  0.015981  0.998780 |  0.877075  0.477881 -0.048682 | -0.478076  0.878279  0.008315
<attitude>:  0.046706  0.015956  0.998781 |  0.877153  0.477741 -0.048651 | -0.477935  0.878356  0.008318
<attitude>:  0.046969  0.015727  0.998773 |  0.877174  0.477689 -0.048773 | -0.477870  0.878388  0.008641
<attitude>:  0.046968  0.015587  0.998775 |  0.877196  0.477656 -0.048705 | -0.477830  0.878409  0.008762
<attitude>:  0.046937  0.015521  0.998777 |  0.877260  0.477545 -0.048648 | -0.477716  0.878470  0.008798
<attitude>:  0.046937  0.016119  0.998768 |  0.877284  0.477470 -0.048934 | -0.477671  0.878500  0.008270
<attitude>:  0.046697  0.015599  0.998787 |  0.877346  0.477403 -0.048475 | -0.477580  0.878546  0.008607
<attitude>:  0.046729  0.015522  0.998787 |  0.877375  0.477352 -0.048468 | -0.477525  0.878575  0.008687
<attitude>:  0.046734  0.015977  0.998780 |  0.877421  0.477244 -0.048690 | -0.477440  0.878625  0.008285
<attitude>:  0.047018  0.016037  0.998765 |  0.877453  0.477157 -0.048968 | -0.477353  0.878672  0.008363
<attitude>:  0.047069  0.016054  0.998763 |  0.877498  0.477068 -0.049022 | -0.477265  0.878720  0.008368
<attitude>:  0.047016  0.016053  0.998765 |  0.877554  0.476971 -0.048976 | -0.477168  0.878773  0.008338
<attitude>:  0.047142  0.016182  0.998757 |  0.877573  0.476917 -0.049149 | -0.477120  0.878799  0.008282
<attitude>:  0.047356  0.015859  0.998752 |  0.877634  0.476801 -0.049184 | -0.476986  0.878868  0.008661
<attitude>:  0.047377  0.015885  0.998751 |  0.877666  0.476739 -0.049216 | -0.476925  0.878901  0.008644
<attitude>:  0.047148  0.015681  0.998765 |  0.877703  0.476701 -0.048917 | -0.476880  0.878926  0.008712
<attitude>:  0.047326  0.015300  0.998762 |  0.877748  0.476622 -0.048893 | -0.476780  0.878975  0.009127
<attitude>:  0.047630  0.015331  0.998747 |  0.877772  0.476548 -0.049176 | -0.476705  0.879015  0.009241
<attitude>:  0.047341  0.015893  0.998752 |  0.877818  0.476462 -0.049191 | -0.476650  0.879051  0.008605
<attitude>:  0.047493  0.015897  0.998745 |  0.877873  0.476347 -0.049327 | -0.476534  0.879113  0.008668
<attitude>:  0.047595  0.015571  0.998745 |  0.877902  0.476301 -0.049262 | -0.476470  0.879145  0.009000
<attitude>:  0.047524  0.015271  0.998753 |  0.877954  0.476225 -0.049058 | -0.476381  0.879191  0.009225
<attitude>:  0.047187  0.015343  0.998768 |  0.878031  0.476109 -0.048797 | -0.476271  0.879253  0.008995
<attitude>:  0.047342  0.015314  0.998761 |  0.878058  0.476047 -0.048920 | -0.476207  0.879286  0.009090
<attitude>:  0.047462  0.015184  0.998758 |  0.878089  0.475987 -0.048964 | -0.476139  0.879322  0.009259
<attitude>:  0.048341  0.014272  0.998729 |  0.877886  0.476326 -0.049298 | -0.476424  0.879153  0.010497
<attitude>:  0.047549  0.004868  0.998857 |  0.865415  0.499153 -0.043629 | -0.498795  0.866500  0.019521
<attitude>:  0.049182  0.003815  0.998783 |  0.852007  0.521682 -0.043947 | -0.521214  0.853132  0.022406
<attitude>:  0.051648  0.002828  0.998661 |  0.844213  0.534101 -0.045173 | -0.533514  0.845416  0.025198
<attitude>:  0.051974  0.000520  0.998648 |  0.851970  0.521686 -0.044612 | -0.521004  0.853137  0.026672
<attitude>:  0.048358  0.000966  0.998830 |  0.868110  0.494549 -0.042507 | -0.494011  0.869149  0.023077
<attitude>:  0.038799  0.003437  0.999241 |  0.878289  0.476793 -0.035742 | -0.476554  0.879009  0.015480
<attitude>:  0.023971  0.006582  0.999691 |  0.885216  0.464547 -0.024285 | -0.464563  0.885524  0.005309
<attitude>:  0.005647  0.009720  0.999937 |  0.889690  0.456468 -0.009462 | -0.456531  0.889687 -0.006070
<attitude>: -0.013825  0.012643  0.999824 |  0.891463  0.453045  0.006597 | -0.452882  0.891398 -0.017534
<attitude>: -0.030357  0.015472  0.999419 |  0.887626  0.460137  0.019838 | -0.459563  0.887713 -0.027702
<attitude>: -0.041918  0.016854  0.998979 |  0.872235  0.488264  0.028362 | -0.487287  0.872533 -0.035168
<attitude>: -0.045972  0.014144  0.998843 |  0.843312  0.536517  0.031216 | -0.535454  0.843771 -0.036592
<attitude>: -0.040032  0.003865  0.999191 |  0.822459  0.567992  0.030755 | -0.567414  0.823025 -0.025917
<attitude>: -0.028487 -0.006376  0.999574 |  0.799459  0.600131  0.026612 | -0.600045  0.799876 -0.011999
<attitude>: -0.016207 -0.015302  0.999752 |  0.781577  0.623414  0.022212 | -0.623599  0.781742  0.001857
<attitude>: -0.012880 -0.006692  0.999895 |  0.759663  0.650164  0.014137 | -0.650190  0.759765 -0.003290
<attitude>: -0.023509  0.008441  0.999688 |  0.750519  0.660739  0.012070 | -0.660431  0.750568 -0.021868
<attitude>: -0.036125  0.023505  0.999071 |  0.741717  0.670622  0.011042 | -0.669739  0.741427 -0.041660
<attitude>: -0.046471  0.033672  0.998352 |  0.736234  0.676630  0.011449 | -0.675129  0.735553 -0.056234
<attitude>: -0.050898  0.038778  0.997951 |  0.731905  0.681320  0.010854 | -0.679503  0.730958 -0.063059
<attitude>: -0.049498  0.042364  0.997875 |  0.731113  0.682218  0.007303 | -0.680459  0.729921 -0.064741
<attitude>:  0.063375 -0.065146  0.995861 |  0.727809  0.685779 -0.001455 | -0.682846  0.724889  0.090875
<attitude>:  0.158852 -0.161840  0.973947 |  0.719887  0.694088 -0.002079 | -0.675669  0.701463  0.226764
<attitude>:  0.217147 -0.224213  0.950040 |  0.719974  0.694000 -0.000775 | -0.659154  0.684172  0.312128
<attitude>:  0.274440 -0.299111  0.913901 |  0.729506  0.683958  0.004786 | -0.626502  0.665383  0.405908
<attitude>:  0.344201 -0.393650  0.852388 |  0.741404  0.670977  0.010486 | -0.576060  0.628355  0.522805
<attitude>:  0.409997 -0.483211  0.773569 |  0.748995  0.662364  0.016774 | -0.520490  0.572522  0.633490
<attitude>:  0.466587 -0.553807  0.689633 |  0.753712  0.656968  0.017634 | -0.462833  0.511557  0.723944
<attitude>:  0.507458 -0.605835  0.612740 |  0.758126  0.651895  0.016685 | -0.409550  0.456067  0.790109
<attitude>:  0.549281 -0.655119  0.518757 |  0.763663  0.645581  0.006683 | -0.339277  0.392485  0.854896
<attitude>:  0.590912 -0.699719  0.401518 |  0.763242  0.646107  0.002700 | -0.261313  0.304860  0.915847
<attitude>:  0.627264 -0.736060  0.254470 |  0.761617  0.648021 -0.002957 | -0.162725  0.195664  0.967076
<attitude>:  0.648625 -0.757315  0.075890 |  0.759717  0.650239 -0.004418 | -0.046001  0.060521  0.997106
<attitude>:  0.645556 -0.753256 -0.125950 |  0.758713  0.651389 -0.006913 |  0.087249 -0.091097  0.992013
<attitude>:  0.615509 -0.720103 -0.320313 |  0.757800  0.652402 -0.010501 |  0.216534 -0.236270  0.947254
<attitude>:  0.567891 -0.668958 -0.479579 |  0.756454  0.653845 -0.016288 |  0.324466 -0.353529  0.877348
<attitude>:  0.515380 -0.612345 -0.599514 |  0.754312  0.656156 -0.021745 |  0.406690 -0.441014  0.800068
<attitude>:  0.466502 -0.556660 -0.687391 |  0.752522  0.658189 -0.022308 |  0.464851 -0.506870  0.725945
<attitude>:  0.426238 -0.505595 -0.750130 |  0.751366  0.659649 -0.017670 |  0.503756 -0.556090  0.661054
<attitude>:  0.392508 -0.460841 -0.795967 |  0.751075  0.660111 -0.011812 |  0.530870 -0.593195  0.605225
<attitude>:  0.363840 -0.426907 -0.827871 |  0.751296  0.659888 -0.010097 |  0.550613 -0.618303  0.560827
<attitude>:  0.333690 -0.391534 -0.857527 |  0.751290  0.659912 -0.008956 |  0.569399 -0.641263  0.514361
<attitude>:  0.308846 -0.367208 -0.877367 |  0.752085  0.658973 -0.011057 |  0.582222 -0.656440  0.479693
<attitude>:  0.280950 -0.346056 -0.895160 |  0.752989  0.657788 -0.017963 |  0.595042 -0.668999  0.445382
<attitude>:  0.259483 -0.328462 -0.908175 |  0.753919  0.656597 -0.022064 |  0.603552 -0.678965  0.418009
<attitude>:  0.247249 -0.314398 -0.916527 |  0.755120  0.655248 -0.021065 |  0.607176 -0.686880  0.399417
<attitude>:  0.239919 -0.303608 -0.922096 |  0.756841  0.653346 -0.018198 |  0.607973 -0.693514  0.386533
<attitude>:  0.234272 -0.295622 -0.926134 |  0.759743  0.650043 -0.015311 |  0.606553 -0.700037  0.376883
<attitude>:  0.226827 -0.286112 -0.930961 |  0.762015  0.647423 -0.013309 |  0.606534 -0.706388  0.364875
<attitude>:  0.219799 -0.275933 -0.935708 |  0.763551  0.645653 -0.011039 |  0.607189 -0.712035  0.352603
<attitude>:  0.213142 -0.266438 -0.939990 |  0.764200  0.644909 -0.009516 |  0.608743 -0.716312  0.341070
<attitude>:  0.197990 -0.253192 -0.946939 |  0.765567  0.643246 -0.011924 |  0.612134 -0.722584  0.321192
<attitude>:  0.186848 -0.244612 -0.951448 |  0.766596  0.641966 -0.014500 |  0.614344 -0.726667  0.307469
<attitude>:  0.181603 -0.243167 -0.952833 |  0.766686  0.641780 -0.017660 |  0.615803 -0.727316  0.302982
<attitude>:  0.181503 -0.245553 -0.952240 |  0.767133  0.641203 -0.019126 |  0.615275 -0.727023  0.304752
<attitude>:  0.182479 -0.249188 -0.951108 |  0.767716  0.640463 -0.020506 |  0.614259 -0.726439  0.308176
<attitude>:  0.177509 -0.253813 -0.950826 |  0.769005  0.638676 -0.026923 |  0.614102 -0.726411  0.308554
<attitude>:  0.174393 -0.249530 -0.952534 |  0.770117  0.637374 -0.025974 |  0.613602 -0.729033  0.303321
<attitude>:  0.174341 -0.243232 -0.954172 |  0.770925  0.636566 -0.021410 |  0.612600 -0.731862  0.298493
<attitude>:  0.174027 -0.238975 -0.955304 |  0.770816  0.636778 -0.018875 |  0.612828 -0.733079  0.295022
<attitude>:  0.173124 -0.237151 -0.955922 |  0.768796  0.639201 -0.019343 |  0.615614 -0.731561  0.292982
<attitude>:  0.172334 -0.239123 -0.955574 |  0.765617  0.642892 -0.022801 |  0.619783 -0.727674  0.293869
<attitude>:  0.171993 -0.245022 -0.954140 |  0.763563  0.645125 -0.028028 |  0.622407 -0.723725  0.298047
<attitude>:  0.164365 -0.255486 -0.952739 |  0.760264  0.648212 -0.042665 |  0.628477 -0.717320  0.300780
<attitude>:  0.166030 -0.252244 -0.953314 |  0.759465  0.649345 -0.039546 |  0.629005 -0.717442  0.299381
<attitude>:  0.169836 -0.246809 -0.954066 |  0.758236  0.651121 -0.033464 |  0.629471 -0.717724  0.297723
<attitude>:  0.174314 -0.242595 -0.954339 |  0.756054  0.653905 -0.028128 |  0.630870 -0.716628  0.297400
<attitude>:  0.180027 -0.239598 -0.954035 |  0.752149  0.658576 -0.023464 |  0.633926 -0.713352  0.298775
<attitude>:  0.185087 -0.239499 -0.953091 |  0.746768  0.664720 -0.022015 |  0.638812 -0.707663  0.301882
<attitude>:  0.187819 -0.242261 -0.951858 |  0.741332  0.670694 -0.024423 |  0.644323 -0.701055  0.305565
<attitude>:  0.188793 -0.247128 -0.950413 |  0.736189  0.676129 -0.029569 |  0.649910 -0.694102  0.309581
<attitude>:  0.189010 -0.252792 -0.948879 |  0.732058  0.680321 -0.035425 |  0.654497 -0.687938  0.313646
<attitude>:  0.189326 -0.257449 -0.947563 |  0.728685  0.683670 -0.040157 |  0.658159 -0.682872  0.317036
<attitude>:  0.190677 -0.260128 -0.946560 |  0.726221  0.686160 -0.042275 |  0.660489 -0.679351  0.319745
<attitude>:  0.193303 -0.260542 -0.945913 |  0.724381  0.688149 -0.041513 |  0.661745 -0.677177  0.321753
<attitude>:  0.196837 -0.259619 -0.945438 |  0.722642  0.690118 -0.039057 |  0.662604 -0.675525  0.323452
<attitude>:  0.200283 -0.258808 -0.944937 |  0.720942  0.692021 -0.036730 |  0.663422 -0.673888  0.325186
<attitude>:  0.202225 -0.259300 -0.944388 |  0.719238  0.693805 -0.036484 |  0.664682 -0.671862  0.326803
<attitude>:  0.202838 -0.259973 -0.944071 |  0.717950  0.695103 -0.037159 |  0.665887 -0.670259  0.327641
<attitude>:  0.201650 -0.261812 -0.943818 |  0.713857  0.699066 -0.041401 |  0.670630 -0.665403  0.327863
<attitude>:  0.200080 -0.263016 -0.943817 |  0.711473  0.701297 -0.044607 |  0.673628 -0.662575  0.327444
<attitude>:  0.198131 -0.263993 -0.943955 |  0.709663  0.702929 -0.047632 |  0.676108 -0.660453  0.326618
<attitude>:  0.196448 -0.265770 -0.943809 |  0.707148  0.705196 -0.051390 |  0.679228 -0.657317  0.326473
<attitude>:  0.195861 -0.268629 -0.943121 |  0.703459  0.708548 -0.055726 |  0.683216 -0.652533  0.327746
<attitude>:  0.196112 -0.272027 -0.942094 |  0.698727  0.712836 -0.060379 |  0.687984 -0.646425  0.329868
<attitude>:  0.197515 -0.275746 -0.940719 |  0.693719  0.717342 -0.064614 |  0.692634 -0.639832  0.332976
<attitude>:  0.199818 -0.278833 -0.939321 |  0.687924  0.722576 -0.068154 |  0.697735 -0.632563  0.336200
<attitude>:  0.202829 -0.281001 -0.938029 |  0.682298  0.727672 -0.070453 |  0.702375 -0.625725  0.339319
<attitude>:  0.206133 -0.281611 -0.937126 |  0.678295  0.731392 -0.070587 |  0.705284 -0.621097  0.341779
<attitude>:  0.207564 -0.282407 -0.936570 |  0.675123  0.734206 -0.071766 |  0.707903 -0.617404  0.343054
<attitude>:  0.207124 -0.284956 -0.935895 |  0.670869  0.737658 -0.076127 |  0.712063 -0.612096  0.343955
<attitude>:  0.204670 -0.289972 -0.934894 |  0.666399  0.740860 -0.083899 |  0.716954 -0.605841  0.344869
<attitude>:  0.201380 -0.296927 -0.933424 |  0.662876  0.742893 -0.093307 |  0.721139 -0.599954  0.346430
<attitude>:  0.199044 -0.303339 -0.931862 |  0.659654  0.744683 -0.101508 |  0.724733 -0.594502  0.348323
<attitude>:  0.198353 -0.307477 -0.930652 |  0.657445  0.745962 -0.106334 |  0.726926 -0.590761  0.350113
<attitude>:  0.198819 -0.309223 -0.929974 |  0.656277  0.746751 -0.107995 |  0.727854 -0.588849  0.351405
<attitude>:  0.200231 -0.309130 -0.929703 |  0.655102  0.747843 -0.107571 |  0.728525 -0.587511  0.352253
<attitude>:  0.202463 -0.307824 -0.929652 |  0.652216  0.750519 -0.106468 |  0.730495 -0.584778  0.352721
<attitude>:  0.205276 -0.305159 -0.929914 |  0.647793  0.754597 -0.104629 |  0.733639 -0.580914  0.352581
<attitude>:  0.208360 -0.301861 -0.930304 |  0.643838  0.758351 -0.101866 |  0.736246 -0.577740  0.352360
<attitude>:  0.213079 -0.300344 -0.929726 |  0.635285  0.765551 -0.101710 |  0.742301 -0.568969  0.353926
<attitude>:  0.214326 -0.302439 -0.928760 |  0.631115  0.768598 -0.104645 |  0.745492 -0.563726  0.355605
<attitude>:  0.215161 -0.305904 -0.927431 |  0.626880  0.771451 -0.109021 |  0.748818 -0.557931  0.357751
<attitude>:  0.216051 -0.310513 -0.925691 |  0.622395  0.774289 -0.114464 |  0.752294 -0.551415  0.360548
<attitude>:  0.216858 -0.315396 -0.923850 |  0.618453  0.776612 -0.119958 |  0.755307 -0.545344  0.363471
<attitude>:  0.217871 -0.320602 -0.921817 |  0.614999  0.778493 -0.125400 |  0.757832 -0.539595  0.366781
<attitude>:  0.218748 -0.326016 -0.919708 |  0.611800  0.780088 -0.131010 |  0.760164 -0.534019  0.370099
<attitude>:  0.220272 -0.330379 -0.917786 |  0.608436  0.781957 -0.135457 |  0.762421 -0.528576  0.373257
<attitude>:  0.222274 -0.331767 -0.916801 |  0.605787  0.783785 -0.136762 |  0.763948 -0.524988  0.375196
<attitude>:  0.224432 -0.330735 -0.916649 |  0.603021  0.786052 -0.135971 |  0.765503 -0.522242  0.375855
<attitude>:  0.226707 -0.329314 -0.916600 |  0.599172  0.789103 -0.135312 |  0.767852 -0.518525  0.376211
<attitude>:  0.228442 -0.327719 -0.916741 |  0.595558  0.791939 -0.134698 |  0.770146 -0.515202  0.376088
<attitude>:  0.229982 -0.324519 -0.917494 |  0.590560  0.795879 -0.133472 |  0.773529 -0.511139  0.374686
<attitude>:  0.232311 -0.321483 -0.917976 |  0.583660  0.801060 -0.132831 |  0.778057 -0.504928  0.373731
<attitude>:  0.234773 -0.320231 -0.917788 |  0.577317  0.805551 -0.133390 |  0.782041 -0.498538  0.373996
<attitude>:  0.236809 -0.321844 -0.916700 |  0.572361  0.808637 -0.136048 |  0.785063 -0.492466  0.375703
<attitude>:  0.237880 -0.326693 -0.914705 |  0.569137  0.810013 -0.141291 |  0.787081 -0.486982  0.378618
<attitude>:  0.237702 -0.334630 -0.911878 |  0.567159  0.809948 -0.149382 |  0.788561 -0.481671  0.382315
<attitude>:  0.236857 -0.344941 -0.908248 |  0.566415  0.808564 -0.159370 |  0.789350 -0.476697  0.386894
<attitude>:  0.236055 -0.356563 -0.903958 |  0.565785  0.806739 -0.170469 |  0.790041 -0.471206  0.392173
<attitude>:  0.235954 -0.368029 -0.899378 |  0.564857  0.805041 -0.181234 |  0.790735 -0.465257  0.397836
<attitude>:  0.236473 -0.378187 -0.895017 |  0.563208  0.803960 -0.190905 |  0.791756 -0.458937  0.403113
<attitude>:  0.236997 -0.386538 -0.891303 |  0.560753  0.803613 -0.199405 |  0.793340 -0.452542  0.407206
<attitude>:  0.237277 -0.394136 -0.887894 |  0.557545  0.803724 -0.207777 |  0.795514 -0.445740  0.410454
<attitude>:  0.237459 -0.400699 -0.884903 |  0.554244  0.804015 -0.215344 |  0.797764 -0.439317  0.413006
<attitude>:  0.238427 -0.405928 -0.882255 |  0.550325  0.804991 -0.221655 |  0.800184 -0.432679  0.415324
<attitude>:  0.239779 -0.409889 -0.880055 |  0.545309  0.806852 -0.227219 |  0.803208 -0.425420  0.416983
<attitude>:  0.241801 -0.412629 -0.878219 |  0.538865  0.809784 -0.232109 |  0.806943 -0.417118  0.418158
<attitude>:  0.245174 -0.414074 -0.876603 |  0.530782  0.813976 -0.236039 |  0.811271 -0.407414  0.419349
<attitude>:  0.249196 -0.415097 -0.874983 |  0.522529  0.818322 -0.239400 |  0.815392 -0.397547  0.420824
<attitude>:  0.253027 -0.416246 -0.873336 |  0.514244  0.822492 -0.243023 |  0.819469 -0.387617  0.422165
<attitude>:  0.256723 -0.417298 -0.871754 |  0.505424  0.826784 -0.246928 |  0.823796 -0.377214  0.423167
<attitude>:  0.264857 -0.418871 -0.868561 |  0.486809  0.835603 -0.254530 |  0.832387 -0.355409  0.425226
<attitude>:  0.269053 -0.419393 -0.867018 |  0.477593  0.839834 -0.258037 |  0.836370 -0.344656  0.426259
<attitude>:  0.273526 -0.419789 -0.865425 |  0.468701  0.843859 -0.261191 |  0.839942 -0.334183  0.427573
<attitude>:  0.278007 -0.420209 -0.863792 |  0.460544  0.847457 -0.264039 |  0.842978 -0.324409  0.429124
<attitude>:  0.282352 -0.420754 -0.862116 |  0.452700  0.850765 -0.266950 |  0.845778 -0.314906  0.430690
<attitude>:  0.286448 -0.421818 -0.860242 |  0.445093  0.853686 -0.270394 |  0.848434 -0.305434  0.432285
<attitude>:  0.289674 -0.423644 -0.858263 |  0.437749  0.856068 -0.274815 |  0.851155 -0.296096  0.433431
<attitude>:  0.292398 -0.426360 -0.855991 |  0.430457  0.857982 -0.280312 |  0.853938 -0.286505  0.434401
<attitude>:  0.294511 -0.429922 -0.853481 |  0.423454  0.859337 -0.286751 |  0.856709 -0.276958  0.435136
<attitude>:  0.296048 -0.434464 -0.850645 |  0.417683  0.859791 -0.293770 |  0.859009 -0.268330  0.436008
<attitude>:  0.297343 -0.440416 -0.847125 |  0.413243  0.859208 -0.301649 |  0.860708 -0.260376  0.437478
<attitude>:  0.298303 -0.447926 -0.842839 |  0.410678  0.857358 -0.310293 |  0.861603 -0.253574  0.439706
<attitude>:  0.298907 -0.456629 -0.837941 |  0.410284  0.854279 -0.319177 |  0.861581 -0.248390  0.442697
<attitude>:  0.298887 -0.466549 -0.832465 |  0.411913  0.849964 -0.328463 |  0.860810 -0.244730  0.446221
<attitude>:  0.298751 -0.477459 -0.826305 |  0.414577  0.844811 -0.338262 |  0.859578 -0.241511  0.450332
<attitude>:  0.298354 -0.488954 -0.819700 |  0.418004  0.839011 -0.348328 |  0.858055 -0.238713  0.454707
<attitude>:  0.298183 -0.500710 -0.812635 |  0.422044  0.832783 -0.358262 |  0.856134 -0.236140  0.459643
<attitude>:  0.298572 -0.512418 -0.805160 |  0.423815  0.827082 -0.369209 |  0.855123 -0.231003  0.464114
<attitude>:  0.299266 -0.523357 -0.797833 |  0.423986  0.822009 -0.380180 |  0.854796 -0.224495  0.467895
<attitude>:  0.300325 -0.533468 -0.790706 |  0.422997  0.817490 -0.390876 |  0.854914 -0.217077  0.471168
<attitude>:  0.301911 -0.542710 -0.783782 |  0.420426  0.813677 -0.401463 |  0.855624 -0.208316  0.473828
<attitude>:  0.303856 -0.550987 -0.777229 |  0.416354  0.810572 -0.411851 |  0.856925 -0.198460  0.475703
<attitude>:  0.305972 -0.558248 -0.771194 |  0.411067  0.808110 -0.421879 |  0.858723 -0.187930  0.476736
<attitude>:  0.308396 -0.564411 -0.765723 |  0.405315  0.806199 -0.431004 |  0.860588 -0.177439  0.477392
<attitude>:  0.311334 -0.569261 -0.760929 |  0.398691  0.805091 -0.439175 |  0.862622 -0.166645  0.477612
<attitude>:  0.314768 -0.572822 -0.756833 |  0.390635  0.804886 -0.446726 |  0.865058 -0.155030  0.477117
<attitude>:  0.318565 -0.575476 -0.753223 |  0.381318  0.805292 -0.453984 |  0.867821 -0.142594  0.475977
<attitude>:  0.322571 -0.577369 -0.750062 |  0.370685  0.806183 -0.461153 |  0.870942 -0.129282  0.474073
<attitude>:  0.327014 -0.579065 -0.746824 |  0.359097  0.807138 -0.468592 |  0.874135 -0.114946  0.471885
<attitude>:  0.331890 -0.581219 -0.742990 |  0.347656  0.807557 -0.476432 |  0.876917 -0.100182  0.470084
<attitude>:  0.337253 -0.583669 -0.738641 |  0.336878  0.807476 -0.484248 |  0.879075 -0.085517  0.468949
<attitude>:  0.342992 -0.586692 -0.733586 |  0.327057  0.806683 -0.492235 |  0.880562 -0.071092  0.468568
<attitude>:  0.348881 -0.591016 -0.727311 |  0.319667  0.804579 -0.500465 |  0.880963 -0.057895  0.469631
<attitude>:  0.354729 -0.596794 -0.719725 |  0.315052  0.801063 -0.508961 |  0.880290 -0.046207  0.472181
<attitude>:  0.360207 -0.604027 -0.710917 |  0.313556  0.796128 -0.517554 |  0.878598 -0.036486  0.476167
<attitude>:  0.365532 -0.612501 -0.700878 |  0.315428  0.789943 -0.525828 |  0.875723 -0.028870  0.481949
<attitude>:  0.370857 -0.622360 -0.689299 |  0.320724  0.782390 -0.533856 |  0.871551 -0.023090  0.489761
<attitude>:  0.375983 -0.633602 -0.676154 |  0.328923  0.773434 -0.541858 |  0.866283 -0.018673  0.499204
<attitude>:  0.380787 -0.645825 -0.661748 |  0.339794  0.763325 -0.549432 |  0.859966 -0.015642  0.510112
<attitude>:  0.385491 -0.658793 -0.646056 |  0.353767  0.752190 -0.555931 |  0.852200 -0.014247  0.523022
